.42119634	1.0416617	.89366055	1.042901	.93409103	1.3245541	.93111402	1.1139064	1.3083762	.90123802	.65451419	85.755035	95.737167	86.0401	97.621849	228.30443	139.21271	3.0524492	18.9	18498.301
.4148128	1.0824521	.94283032	1.0924233	.97113746	1.4438113	.9339292	1.1292214	1.3538678	.88355249	.63322067	85.5802	95.704422	85.463081	97.569412	232.51945	141.93875	.97622871	18.9	18504.848
.42907679	1.0344292	.90709567	1.0319852	.95108688	1.2669216	.92576289	1.1051142	1.3463836	.84126675	.56561029	85.0224	95.599365	85.782227	97.525841	236.51355	143.93005	-1.3566971	18.9	18872.881
.48334068	.96879101	.86961538	.94193047	.93005437	1.0221336	.8849591	1.0844795	1.3166978	.83052987	.56882429	85.548813	95.698547	86.659431	97.668236	240.28792	145.19498	1.0742426	18.9	19017.201
.43223956	1.0119792	.99030954	.98563659	.97138005	1.0411043	.95418602	1.0869992	1.3065732	.84687734	.62391382	88.630562	96.250511	88.727272	97.877594	244.48201	146.63025	2.7585983	10.8	19462.848
.38309738	1.0207303	1.2498767	.94531828	.95812875	.99097472	.88713914	1.0874317	1.3136271	.84006864	.6279307	90.761536	96.620186	90.13932	97.94413	248.71352	148.33752	-.64408779	10.8	19691.676
.39045259	.94685638	1.1460547	.88603479	.88085181	.89828598	.88176447	.99333751	1.1654259	.80514497	.62153864	89.054359	96.324615	90.060249	97.834831	252.00119	149.68954	.39920807	10.8	19778.533
.39485067	.91095626	1.0983415	.89314294	.92807424	.89549869	.8450551	.858953	.93939543	.77098274	.56569701	87.787567	96.101227	89.521286	97.724213	254.35345	150.68996	1.2486696	10.8	20570.6
.30771735	.88498241	1.1120324	.87335908	.90165806	.89336354	.81802225	.79777104	.86633611	.72278965	.52152187	87.336853	96.022247	89.289093	97.639664	256.89713	151.93948	3.1285286	12	21112.664
.29384816	.85354388	1.0061245	.86081791	.85198355	.86570579	.868016	.75828677	.81247085	.69903213	.50257939	87.362183	96.027016	89.773125	97.708633	259.78925	153.3125	2.6344061	12	20678.592
.27939287	.79684478	.91467416	.79968548	.80670452	.78970212	.79948753	.73002911	.7824235	.6727317	.4799614	85.893555	95.768394	88.925049	97.52919	262.2984	154.14392	1.0232925	12	22006.695
.25599557	.79911178	.87596446	.79923767	.82069367	.79209155	.77747864	.75972772	.8751418	.63351315	.46021238	83.452194	95.329216	86.340508	97.237244	264.42825	154.44012	1.6269922	12	21700.078
.25073993	.76336443	.80681926	.75008428	.72895217	.77129906	.75868315	.7735334	.9195382	.61386538	.43119061	83.214821	95.280708	86.183075	97.227005	266.08591	154.68867	3.2305002	12	21109.635
.32218793	.71795684	.74732566	.68252134	.6460833	.71760225	.69870561	.78911626	.96671218	.59490079	.45594588	85.116379	95.608116	87.581192	97.509407	267.89294	155.15211	-.89299679	9.6000004	21550.887
.39628437	.69838244	.68258029	.65466481	.59076536	.67922443	.71650046	.81263238	1.0444989	.55906767	.50038499	86.260429	95.802383	88.257172	97.636803	270.93427	155.78796	-1.2306929	8.3999996	22051.104
.44195768	.70324546	.71984655	.65361208	.61629331	.6558674	.7006672	.81539154	1.0536926	.55479014	.51938689	88.039787	96.096947	89.588493	97.869507	275.1991	156.59471	-1.1624813	6	22502.932
.49074438	.69974935	.65379757	.6627295	.61218572	.68404031	.70993519	.81305712	1.0299561	.57586062	.55205977	88.6213	96.186394	89.511581	97.910614	279.36203	157.2226	1.546979	6	22431.195
.50814313	.68921125	.61537361	.65403342	.60517609	.65020567	.72177458	.8122232	1.0136691	.5919258	.51503658	85.701485	95.677353	88.329659	97.629234	283.00507	157.78035	-1.546979	5.4000001	23059.861
.5673551	.65378451	.57936579	.62181336	.55549842	.58541495	.74200279	.769301	.9436354	.5786522	.53010494	84.415459	95.448479	87.569107	97.483665	286.94427	158.82317	-1.1198521	5.4000001	23722.068
.60098469	.64848638	.5263682	.64323968	.55636615	.64934188	.75200653	.72332841	.85321093	.58129132	.50922239	82.651573	95.127136	86.280678	97.187096	291.17984	160.34708	.64544678	6	24194.969
.5443176	.64069146	.51547933	.64874506	.5325796	.64945173	.80093205	.68479276	.79975879	.55906814	.50550634	81.742828	95.003975	86.854584	97.156342	295.27414	161.42477	.64129829	6	24322.371
.51517236	.6262331	.50509822	.63912231	.50435174	.61246037	.84055871	.65651286	.77170372	.53054237	.47971934	81.371651	94.925827	86.729553	97.135849	299.22272	162.31265	-.97751617	5.4000001	25329.455
.45992097	.6433267	.47368526	.68212891	.58108681	.62505412	.86672044	.63531387	.75178868	.50793922	.43655187	79.988808	94.632248	85.510376	96.970482	303.54327	164.32962	-.056171417	4.8000002	25647.088
.36459833	.61099052	.490942	.63965428	.55440062	.62436718	.76565057	.60239238	.72099423	.47269166	.41996574	74.067924	93.323936	80.674126	96.255745	308.23419	167.46819	.61590672	4.8000002	25555.146
.3839373	.62486643	.5396781	.6467405	.5624665	.64029491	.76344496	.61503851	.7320897	.48703358	.44294932	76.901871	94.048721	82.255386	96.566406	312.7471	170.48578	2.9369593	4.8000002	25178.25
.45386127	.64205736	.56595135	.65687501	.57489169	.64131945	.77881205	.64475536	.78035331	.49646804	.44243771	80.904579	95.020813	83.829597	96.966705	317.08392	173.0351	.41904449	4.8000002	25463.449
.47235918	.69322354	.61806518	.70489627	.63651174	.74830115	.75557494	.70308053	.85942459	.53210574	.42502028	81.727776	95.21386	82.861748	96.910515	321.88159	175.90642	.19958019	4.8000002	25564.324
.48747984	.70773983	.64868522	.72090757	.6768918	.75900793	.74432814	.7057761	.86100465	.53602099	.4335821	83.126381	95.539528	84.283203	97.16243	327.13675	179.09496	.76584816	4.8000002	25541.75
.58497673	.70724601	.65598905	.71441942	.68198079	.7090894	.76191992	.71588105	.84842122	.57093757	.45469069	86.564384	96.350479	86.856026	97.511604	332.1235	182.33684	2.4496078	6.5999999	25241.279
.50835329	.690575	.59091717	.70125383	.69097883	.69797719	.71773744	.71530426	.84689653	.57139754	.45131338	83.275681	95.562294	86.353874	97.23761	336.90018	185.42804	.15325546	6	25386.16
.51816881	.68492532	.57061493	.69467229	.68048912	.6738531	.73217595	.71936911	.83927166	.58824599	.47084591	83.18042	95.539238	85.713722	97.139923	342.32193	188.37936	-.56760311	5	25751.777
.53604692	.74766392	.56006449	.78416061	.84544426	.71764243	.76374483	.75438362	.83878821	.66208035	.52042735	83.352325	95.581184	85.347321	97.097275	348.38544	191.1942	.49910545	5	25774.813
.58490074	.78951395	.58807117	.84580797	.91967022	.78012884	.80808431	.7551741	.83804083	.66455257	.60879642	85.155266	96.029831	86.78167	97.403572	354.33521	194.12804	4.0721655	5	25094.207
.64397788	.78591764	.57725966	.83914787	.84324551	.80052048	.86872041	.76269001	.86243808	.65360737	.60337281	87.538002	96.610329	88.643745	97.77034	359.99026	197.09554	2.8675556	5	24732.359
.69969827	.74099696	.59999937	.76980281	.70585674	.69865686	.91832733	.74270612	.88155037	.59086865	.61500371	89.34243	97.04332	89.325706	97.943825	365.86188	199.72842	1.8255711	5	24420.238
.73634988	.72171855	.62497795	.73843902	.67743319	.69713128	.85608733	.73028582	.88284642	.56344855	.64556903	90.661453	97.355316	89.992172	98.155663	371.94861	202.02782	.73161125	5	24421.197
.78236419	.75568467	.69609201	.76977718	.6886732	.72010732	.92143542	.75174779	.91200137	.57649767	.71687764	93.005867	97.953896	92.068245	98.5961	378.01324	203.96785	3.2453537	5	23859.467
.84751135	.76252615	.71323699	.76846838	.70765036	.70222932	.90843612	.77315181	.92796457	.60385162	.70706624	95.11512	98.479973	93.584976	98.866798	383.95288	206.03674	1.9471169	5	23763.252
1.0048902	.74313718	.64552355	.74322778	.68499649	.71260637	.84755349	.7925517	.93799806	.63349438	.71509135	96.630211	98.849998	92.831665	98.8535	389.83047	208.93301	1.3638973	5	23783.439
.98750037	.74912983	.63596445	.75176364	.65995121	.71948564	.90176785	.8002736	.94506574	.64193159	.77807742	93.889763	98.17733	90.333984	98.451874	395.6489	212.651	1.595211	5	23557.031
.97595829	.79027224	.69657916	.78577095	.6510523	.75494945	.99090403	.84884965	.98879415	.69580895	.89140135	96.025826	98.772583	92.11573	98.773148	401.21088	215.82224	3.07827	5	22981.953
1.0458447	.79769844	.68064624	.78421938	.6481725	.78757995	.96016026	.88996542	1.0257156	.74151158	1.1011279	99.524506	99.72242	94.623482	99.21859	406.76709	218.65334	1.104784	5	23214.24
1.0363919	.79451233	.69765544	.77737033	.67356867	.81568724	.87924898	.88540971	1.0394809	.71692044	1.1392709	99.624443	99.74585	95.371925	99.283577	412.81161	222.76837	1.2108326	5	23148.406
.92741019	.8335464	.72019112	.83870059	.74270225	.93423826	.87852001	.87866312	1.0768503	.66192943	1.1891081	95.093025	98.514809	92.261253	98.694099	419.33978	228.15718	1.1448383	6.5	22688.51
.90528351	.86636609	.74326521	.87041539	.81248468	.96317357	.86266911	.91912276	1.0903527	.73186898	1.1603376	94.969765	98.453293	92.070137	98.682671	426.18756	233.77333	2.95434	6.5	22210.932
1.0084444	.88982797	.77383971	.89814299	.88776851	.93928826	.87454903	.92860401	1.0892143	.7529636	1.3030304	96.282516	98.849586	92.648026	98.845108	432.78549	238.8349	1.84865	6.5	22362.232
1.08004	.94322133	.79960334	.97833288	1.0062723	1.0123441	.91079092	.9309426	1.1034899	.74224812	1.2338284	98.975609	99.65081	93.966896	99.178619	438.45935	243.25539	2.2895336	6.5	21889.18
1.2644737	1.013265	.82398319	1.0841061	1.1993034	1.1504394	.8725118	.93739849	1.0763367	.78545821	1.2458483	101.73925	100.45619	95.138519	99.519005	443.21567	247.03935	3.0441761	6.5	21395.83
1.3920552	1.1679442	.94263399	1.2854362	1.4175918	1.4426608	.96926165	.99705619	1.1396523	.84111595	1.3123293	104.91908	101.41582	98.194351	100.10771	447.8967	251.83839	8.0060005	7.5	19783.279
1.7367127	1.2622542	.96642995	1.4149257	1.5004801	1.698585	1.0456182	1.0417502	1.1918602	.8775928	1.3372588	110.33967	103.04505	104.98869	101.23413	452.91528	256.8381	8.5647106	15	19202.277
1.6429056	1.1686014	.97753674	1.2737077	1.2988982	1.4959632	1.0393939	1.0103915	1.1343378	.87484622	1.1798081	110.60384	103.12221	105.38785	101.14484	457.94708	259.22781	4.8784256	15	18504.051
.90491658	.92474025	.79806417	.95547384	.87700009	1.1148937	.91441536	.91448349	1.1533635	.65324891	.67004573	101.66533	100.41124	96.707977	99.535271	462.99307	259.02731	-.29163361	10.25	18535.393
.70843422	.9429726	.86204469	.98074889	.91951996	1.1356705	.92107487	.89234293	1.1118571	.65228647	.57482117	100.65163	100.11411	94.167091	99.326416	467.45831	257.47314	.32863617	8	18357.738
.84392893	.99753273	.91435921	1.0511986	1.0478994	1.1555601	.96107668	.90944016	1.0967525	.70459896	.67232096	101.04825	100.24445	95.438164	99.611649	471.9006	256.99847	1.0987282	7	18348.58
.93109447	.98893279	.98042536	1.0281891	1.0256884	1.0232748	1.0359269	.897883	1.0241657	.75978249	.84092504	101.17085	100.28423	98.139351	99.835548	477.59988	259.74207	1.3963223	7	18257.859
1.0355324	1.0245962	1.0450391	1.0478951	1.0287906	1.0588816	1.0630845	.95759535	1.0449746	.86203909	.93009478	100.90696	100.19814	99.316322	99.933487	484.54712	265.68152	1.68643	8	18994.441
1.0788391	1.0252079	1.0201786	1.0410287	1.0187591	1.0275931	1.0824878	.98932725	1.0085845	.96826798	1.0434723	101.43893	100.35447	100.30351	100.0226	491.27316	272.41782	3.9936066	8	18939.959
1.0756942	1.0122074	1.0486473	.98606586	.98695391	.93879372	1.0276858	1.057191	1.0537065	1.0610015	1.0661851	101.90374	100.49474	101.41308	100.10146	497.45258	277.80432	1.5318394	8	18740.646
1.0422735	1.0850149	1.1212367	1.0793352	1.0750867	1.0745797	1.089229	1.0803961	1.1322452	1.0236949	1.0419081	102.40853	100.64655	101.41063	100.17674	504.00345	281.16623	.88543892	8	18981.789
1.1498975	1.2233473	1.1564202	1.2391611	1.2644738	1.3038576	1.1473001	1.218958	1.1520431	1.292135	1.1946361	102.18176	100.57841	102.56367	100.34193	510.92303	282.51974	3.8807392	9	18313.119
1.3231674	1.3509355	1.3016212	1.345157	1.3803128	1.4481119	1.2057171	1.3900499	1.1800084	1.6197473	1.3093933	103.11343	100.8466	105.03501	100.77213	518.01361	283.59534	5.743742	12	19147.535
1.4293071	1.3169479	1.2877231	1.3077077	1.2935338	1.5024714	1.1500653	1.3542581	1.2499185	1.4683619	1.2657104	102.896	100.78585	105.79172	100.92026	524.90057	285.47513	7.1998596	14	18053.586
1.3439078	1.2844316	1.2296876	1.3028847	1.2630537	1.4889776	1.1868452	1.2674347	1.2997835	1.2320588	1.2054343	102.1943	100.58985	105.02142	100.734	531.15448	287.90494	3.4972191	14	17512.828
1.3277857	1.1719301	1.0719008	1.2079481	1.1469011	1.3857967	1.1272825	1.1352849	1.2131789	1.0501016	1.0067106	102.45968	100.66427	104.88793	100.70929	536.77802	290.88156	1.6462326	15	17367.463
1.4120791	1.1731515	.99626207	1.2372389	1.2220542	1.3603622	1.1457711	1.1073923	1.1493566	1.0615011	1.0659021	100.95358	100.25918	104.26187	100.62325	542.16132	293.69293	2.4392128	14	17083.811
1.2910123	1.1676713	.94095814	1.2556398	1.300356	1.3601043	1.1022558	1.0692255	1.1377323	.99430794	.99858826	100.2294	100.06244	101.93575	100.29703	547.76056	296.26797	.64096451	11	17115.127
1.2879395	1.2190224	.97403967	1.3597162	1.4073232	1.5760165	1.1013011	1.0017669	1.1092598	.88421488	.93641853	98.248123	99.518715	98.544647	99.974823	553.73938	299.15454	.74725151	10	17024.977
1.2775393	1.1597058	.91455781	1.2737964	1.2461348	1.5384679	1.0706221	1.0071681	1.1095918	.89515918	.96923423	98.145782	99.490349	98.453545	99.934891	560.09247	302.35022	2.9022217	9	16543.936
1.3122777	1.1230919	.86252946	1.2313162	1.1991857	1.4647479	1.0622971	.9926458	1.0533248	.92628837	1.0072891	99.587509	99.892578	101.55108	100.31699	565.83258	305.20355	2.390337	8	16248.521
1.2572808	1.0926411	.85120195	1.1940879	1.1385052	1.4123937	1.0696133	.96893746	1.0303285	.90180129	.90045071	99.885635	99.975388	102.46294	100.34836	571.39075	307.91782	.30531883	7	16449.268
1.3228772	1.049553	.83521318	1.1329808	1.1372203	1.2346736	1.0353568	.95584786	1.0322235	.87232494	.89217377	98.363762	99.549591	102.7123	100.33804	578.27631	311.38345	1.1884212	7	16316.377
1.2927221	1.0362201	.84125531	1.1060351	1.1784385	1.1099637	1.0072256	.96573567	1.0587753	.86398935	.89615673	97.978745	99.441292	104.1847	100.33865	586.47675	315.59564	1.8608093	7	15970.879
1.2905524	1.046937	.95079809	1.1019005	1.1598068	1.117541	1.011562	.96228474	1.0647529	.85022748	.86250341	99.125557	99.760216	106.15293	100.60043	594.12982	318.80542	1.358223	6.5	15875.355
1.2969388	1.063484	1.0484811	1.1119183	1.1380776	1.118412	1.0716256	.95343798	1.0746477	.82088536	.84947407	98.280121	99.529594	105.00285	100.48694	601.20654	321.71326	.20179749	6.5	16190.469
1.2134739	1.0025744	1.0512806	1.0304949	1.0016687	.97271484	1.1207179	.90997338	1.0612037	.74459082	.86926097	98.197792	99.507301	102.79151	100.19867	609.48041	327.00436	.77571869	6.5	16083.784
.93738741	.96774554	1.0247226	1.002038	.96054989	.96060139	1.0941255	.85545826	.99958366	.69784546	.81473339	99.303001	99.808212	100.52591	99.740189	618.93964	334.65884	.18892288	6.5	15924.47
.67936277	.9247269	.94408268	.95294529	.90795302	.94598299	1.0184388	.84632647	.9640395	.71759784	.73182243	101.09393	100.27111	97.03373	99.136459	628.28625	342.66138	-.43411255	6.5	16085.808
.75184572	.89294666	.93938833	.90037709	.85645592	.88152552	.97522289	.85127932	.9618423	.73036981	.72381777	100.62014	100.15209	97.250969	99.240913	637.08954	349.6481	.44641495	6.5	16349.043
.62341815	.85989779	.9425177	.85525113	.82055855	.83371454	.9203862	.8291766	.96608037	.67946118	.63708836	101.45077	100.36044	95.51857	98.969894	646.02649	355.70056	.29921532	6.5	16506.646
.53764117	.83752096	.93234944	.83103961	.79042721	.82247412	.89222217	.80504912	.95110303	.64532727	.58585435	102.61969	100.65118	95.743561	98.878075	655.09515	360.82492	-.0012874603	6.5	16432.6
.42527527	.82814837	.86149693	.83988971	.79590648	.82495153	.91127491	.78266495	.91875613	.6338383	.5784235	104.28836	101.05084	95.242294	98.742844	663.72974	365.74277	.50172806	6.5	16336.267
.55264002	.88777047	.90549815	.91632277	.91056907	.85461801	.97974396	.80938655	.92780805	.67988306	.60123867	102.56546	100.65965	99.787331	99.487038	672.25647	371.00128	1.3663292	6.5	16315.431
.56576335	.88051516	.93643677	.90439093	.90056825	.77375346	1.0276659	.79407233	.87537009	.7051667	.62426251	103.10671	100.78323	102.27384	99.747742	681.69861	376.65564	.8649826	6.5	16285.113
.62917954	.8583129	.90261573	.87961477	.87929469	.73512942	1.0108161	.78403151	.82059389	.74404764	.68257058	102.84129	100.72271	104.84871	100.03754	692.0481	382.70169	1.6190529	6.5	16212.887
.66042066	.86370999	.83760351	.88873816	.88025445	.75624681	1.0198232	.81617701	.80467695	.82875329	.7447055	101.61022	100.44035	104.35978	100.04444	702.01068	388.58649	.99139214	6.5	16265.316
.6196909	.84875584	.80035138	.88299614	.83690375	.80546999	1.0138075	.79017961	.82817817	.7486251	.70567507	101.76984	100.47738	103.7227	99.99337	711.54425	394.27554	-.18982887	6.5	16498.797
.63200736	.83481133	.80365503	.86748213	.83825576	.78425443	.98126537	.7712779	.8384735	.69779408	.77148974	101.4758	100.40973	104.75188	100.10755	721.88904	400.2738	.62613487	6.25	16489.463
.72079587	.81724471	.77330995	.84998918	.83188611	.76945549	.94669998	.76003003	.83767939	.67511415	.80190998	99.533997	99.958717	104.44627	100.05332	733.0387	406.58102	1.265192	6.25	16309.775
.78132153	.84237266	.75989372	.8798036	.8579405	.83071256	.95300114	.7933709	.87009001	.70947236	.82941526	98.462036	99.707367	104.05588	100.14966	743.9068	412.66409	1.0816574	6.25	16301.232
.84639764	.85900104	.79076314	.90252173	.86033916	.87820518	.98002684	.78796238	.84952182	.72064209	.82038438	98.448578	99.704231	103.28466	100.24995	754.38007	418.58649	.71277618	6.25	16492.463
.87103128	.79621983	.71746898	.82903606	.7654354	.82454616	.91677296	.75653398	.81338722	.69436038	.73816782	98.883659	99.806534	101.72395	100.08276	765.44476	424.99377	.99391937	6.25	16429.088
.78603059	.77615833	.71844405	.80431783	.72701842	.81796485	.89366013	.73708946	.80046666	.66778147	.72824407	100.40052	100.16096	100.67186	99.894829	777.09644	431.88538	.59800148	6.25	16401.504
.72096533	.78067279	.69286019	.81293941	.72665262	.82990617	.91110063	.74693	.81073076	.67715865	.73920673	101.08054	100.31855	100.36754	99.849464	788.43011	438.5824	.29520988	6.25	16519.387
.74011546	.77345926	.70049012	.80193549	.69619083	.83954912	.90700692	.74137795	.7974447	.68006438	.73930043	101.01031	100.30215	100.9002	99.953346	799.45728	445.04422	.73223114	6.25	16657.514
.67451429	.75453156	.69847733	.78831917	.70161361	.81404775	.8791005	.70094496	.77404004	.62100971	.72249764	101.37725	100.38707	99.952652	99.765816	811.19855	451.94266	.57535172	6	16675.758
.68161881	.78098649	.73118126	.82249713	.74785799	.81561869	.92691779	.70545876	.79232353	.61046517	.70520437	100.30755	100.1393	100.11424	99.763145	823.64777	459.27466	1.9926071	6	16377.34
.55433279	.78576666	.72126752	.83225745	.76945364	.84928066	.89947343	.70561081	.78648531	.61716801	.67030907	102.90618	100.73583	99.327339	99.680122	804.44696	459.67511	2.1155357	5	16157.396
.35899952	.75847143	.71645033	.79952091	.71848798	.83748388	.87176543	.68010598	.77826458	.5727616	.63875955	106.33112	101.50706	96.418297	99.175407	800.48871	452.85193	-1.8921375	4.5	16372.88
